CYC 128 2048 2048 39738 1073741824 8388608
CYC 128 2048 512 21710 268435456 2097152
CYC 128 2048 8192 116140 4294967296 33554432
CYC 128 8192 2048 115411 4294967296 33554432
CYC 128 4096 4096 117314 4294967296 33554432
CYC 128 4096 1024 44548 1073741824 8388608
CYC 128 4096 14336 281644 15032385536 117440512
CYC 128 14336 4096 268724 15032385536 117440512
CYC 128 2048 4096 63537 2147483648 16777216
CYC 128 4096 8192 176832 8589934592 67108864
CYC 256 2048 2048 55730 2147483648 8388608
CYC 256 2048 512 25691 536870912 2097152
CYC 256 2048 8192 162646 8589934592 33554432
CYC 256 8192 2048 161537 8589934592 33554432
CYC 256 4096 4096 169136 8589934592 33554432
CYC 256 4096 1024 61500 2147483648 8388608
CYC 256 4096 14336 501218 30064771072 117440512
CYC 256 14336 4096 450930 30064771072 117440512
CYC 256 2048 4096 95004 4294967296 16777216
CYC 256 4096 8192 262680 17179869184 67108864
CYC 512 2048 2048 87876 4294967296 8388608
CYC 512 2048 512 34247 1073741824 2097152
CYC 512 2048 8192 249056 17179869184 33554432
CYC 512 8192 2048 241289 17179869184 33554432
CYC 512 4096 4096 251022 17179869184 33554432
CYC 512 4096 1024 88896 4294967296 8388608
CYC 512 4096 14336 758220 60129542144 117440512
CYC 512 14336 4096 731042 60129542144 117440512
CYC 512 2048 4096 148155 8589934592 16777216
CYC 512 4096 8192 427473 34359738368 67108864
CYC 1024 2048 2048 142851 8589934592 8388608
CYC 1024 2048 512 62808 2147483648 2097152
CYC 1024 2048 8192 429476 34359738368 33554432
CYC 1024 8192 2048 421406 34359738368 33554432
CYC 1024 4096 4096 400085 34359738368 33554432
CYC 1024 4096 1024 141379 8589934592 8388608
CYC 1024 4096 14336 1399349 120259084288 117440512
CYC 1024 14336 4096 1286873 120259084288 117440512
CYC 1024 2048 4096 233761 17179869184 16777216
CYC 1024 4096 8192 683372 68719476736 67108864
CYC 2048 2048 2048 275488 17179869184 8388608
CYC 2048 2048 512 79871 4294967296 2097152
CYC 2048 2048 8192 728962 68719476736 33554432
CYC 2048 8192 2048 700136 68719476736 33554432
CYC 2048 4096 4096 690862 68719476736 33554432
CYC 2048 4096 1024 241184 17179869184 8388608
CYC 2048 4096 14336 0 240518168576 117440512
CYC 2048 14336 4096 2527723 240518168576 117440512
CYC 2048 2048 4096 402978 34359738368 16777216
CYC 2048 4096 8192 1368170 137438953472 67108864
