ROW 1024 2816 16 64 4 q 512 67102
ROW 1024 2816 16 64 4 k 512 39002
ROW 1024 2816 16 64 4 v 512 32229
ROW 1024 2816 16 64 4 o 512 40422
ROW 1024 2816 16 64 4 gate 512 82563
ROW 1024 2816 16 64 4 up 512 82532
ROW 1024 2816 16 64 4 down 512 97588
ROW 1024 2816 16 64 4 q_k 512 85957
ROW 1024 2816 16 64 4 k_v 512 60392
ROW 1024 2816 16 64 4 v_o 512 59714
ROW 1024 2816 16 64 4 o_gate 512 123098
ROW 1024 2816 16 64 4 gate_up 512 133960
ROW 1024 2816 16 64 4 up_down 512 168786
ROW 1024 2816 16 64 4 q_k_v 512 103574
ROW 1024 2816 16 64 4 k_v_o 512 71974
ROW 1024 2816 16 64 4 v_o_gate 512 145168
ROW 1024 2816 16 64 4 o_gate_up 512 176568
ROW 1024 2816 16 64 4 gate_up_down 512 239285
ROW 1024 2816 16 64 4 q_k_v_o_gate_up_down 512 351486
ROW 1536 4096 24 64 6 q 512 101147
ROW 1536 4096 24 64 6 k 512 83238
ROW 1536 4096 24 64 6 v 512 65625
ROW 1536 4096 24 64 6 o 512 96814
ROW 1536 4096 24 64 6 gate 512 131673
ROW 1536 4096 24 64 6 up 512 124738
ROW 1536 4096 24 64 6 down 512 152040
ROW 1536 4096 24 64 6 q_k 512 147298
ROW 1536 4096 24 64 6 k_v 512 132550
ROW 1536 4096 24 64 6 v_o 512 122311
ROW 1536 4096 24 64 6 o_gate 512 203239
ROW 1536 4096 24 64 6 gate_up 512 207967
ROW 1536 4096 24 64 6 up_down 512 226719
ROW 1536 4096 24 64 6 q_k_v 512 192028
ROW 1536 4096 24 64 6 k_v_o 512 163145
ROW 1536 4096 24 64 6 v_o_gate 512 224324
ROW 1536 4096 24 64 6 o_gate_up 512 280306
ROW 1536 4096 24 64 6 gate_up_down 512 341401
ROW 1536 4096 24 64 6 q_k_v_o_gate_up_down 512 508246
ROW 2048 5504 16 128 4 q 512 109996
ROW 2048 5504 16 128 4 k 512 46366
ROW 2048 5504 16 128 4 v 512 43092
ROW 2048 5504 16 128 4 o 512 86282
ROW 2048 5504 16 128 4 gate 512 232590
ROW 2048 5504 16 128 4 up 512 233162
ROW 2048 5504 16 128 4 down 512 252029
ROW 2048 5504 16 128 4 q_k 512 126725
ROW 2048 5504 16 128 4 k_v 512 60931
ROW 2048 5504 16 128 4 v_o 512 110094
ROW 2048 5504 16 128 4 o_gate 512 311520
ROW 2048 5504 16 128 4 gate_up 512 357590
ROW 2048 5504 16 128 4 up_down 512 389050
ROW 2048 5504 16 128 4 q_k_v 512 140450
ROW 2048 5504 16 128 4 k_v_o 512 140056
ROW 2048 5504 16 128 4 v_o_gate 512 328225
ROW 2048 5504 16 128 4 o_gate_up 512 441425
ROW 2048 5504 16 128 4 gate_up_down 512 598624
ROW 2048 5504 16 128 4 q_k_v_o_gate_up_down 512 779038
ROW 2048 8192 32 64 8 q 512 110660
ROW 2048 8192 32 64 8 k 512 68469
ROW 2048 8192 32 64 8 v 512 43114
ROW 2048 8192 32 64 8 o 512 90882
ROW 2048 8192 32 64 8 gate 512 259795
ROW 2048 8192 32 64 8 up 512 251320
ROW 2048 8192 32 64 8 down 512 236377
ROW 2048 8192 32 64 8 q_k 512 139133
ROW 2048 8192 32 64 8 k_v 512 91864
ROW 2048 8192 32 64 8 v_o 512 110088
ROW 2048 8192 32 64 8 o_gate 512 320588
ROW 2048 8192 32 64 8 gate_up 512 421133
ROW 2048 8192 32 64 8 up_down 512 405142
ROW 2048 8192 32 64 8 q_k_v 512 158513
ROW 2048 8192 32 64 8 k_v_o 512 142982
ROW 2048 8192 32 64 8 v_o_gate 512 338676
ROW 2048 8192 32 64 8 o_gate_up 512 493096
ROW 2048 8192 32 64 8 gate_up_down 512 613850
ROW 2048 8192 32 64 8 q_k_v_o_gate_up_down 512 813410
ROW 2560 6912 20 128 4 q 512 166019
ROW 2560 6912 20 128 4 k 512 103271
ROW 2560 6912 20 128 4 v 512 110680
ROW 2560 6912 20 128 4 o 512 185720
ROW 2560 6912 20 128 4 gate 512 307406
ROW 2560 6912 20 128 4 up 512 306968
ROW 2560 6912 20 128 4 down 512 316291
ROW 2560 6912 20 128 4 q_k 512 217260
ROW 2560 6912 20 128 4 k_v 512 138496
ROW 2560 6912 20 128 4 v_o 512 254990
ROW 2560 6912 20 128 4 o_gate 512 477076
ROW 2560 6912 20 128 4 gate_up 512 526838
ROW 2560 6912 20 128 4 up_down 512 581936
ROW 2560 6912 20 128 4 q_k_v 512 290492
ROW 2560 6912 20 128 4 k_v_o 512 252908
ROW 2560 6912 20 128 4 v_o_gate 512 549092
ROW 2560 6912 20 128 4 o_gate_up 512 694667
ROW 2560 6912 20 128 4 gate_up_down 512 823269
ROW 2560 6912 20 128 4 q_k_v_o_gate_up_down 512 1183888
ROW 3072 8192 24 128 8 q 512 218466
ROW 3072 8192 24 128 8 k 512 122422
ROW 3072 8192 24 128 8 v 512 110514
ROW 3072 8192 24 128 8 o 512 209712
ROW 3072 8192 24 128 8 gate 512 339480
ROW 3072 8192 24 128 8 up 512 339450
ROW 3072 8192 24 128 8 down 512 359696
ROW 3072 8192 24 128 8 q_k 512 331780
ROW 3072 8192 24 128 8 k_v 512 172026
ROW 3072 8192 24 128 8 v_o 512 275717
ROW 3072 8192 24 128 8 o_gate 512 533286
ROW 3072 8192 24 128 8 gate_up 512 588528
ROW 3072 8192 24 128 8 up_down 512 627255
ROW 3072 8192 24 128 8 q_k_v 512 364505
ROW 3072 8192 24 128 8 k_v_o 512 336821
ROW 3072 8192 24 128 8 v_o_gate 512 596948
ROW 3072 8192 24 128 8 o_gate_up 512 781686
ROW 3072 8192 24 128 8 gate_up_down 512 917842
ROW 3072 8192 24 128 8 q_k_v_o_gate_up_down 512 1373570
ROW 3584 18944 28 128 4 q 512 338156
ROW 3584 18944 28 128 4 k 512 91814
ROW 3584 18944 28 128 4 v 512 75122
ROW 3584 18944 28 128 4 o 512 250249
ROW 3584 18944 28 128 4 gate 512 875168
ROW 3584 18944 28 128 4 up 512 875226
ROW 3584 18944 28 128 4 down 512 1007752
ROW 3584 18944 28 128 4 q_k 512 359406
ROW 3584 18944 28 128 4 k_v 512 135730
ROW 3584 18944 28 128 4 v_o 512 299701
ROW 3584 18944 28 128 4 o_gate 512 1137790
ROW 3584 18944 28 128 4 gate_up 512 1656262
ROW 3584 18944 28 128 4 up_down 512 1831615
ROW 3584 18944 28 128 4 q_k_v 512 403575
ROW 3584 18944 28 128 4 k_v_o 512 336295
ROW 3584 18944 28 128 4 v_o_gate 512 1194688
ROW 3584 18944 28 128 4 o_gate_up 512 1916582
ROW 3584 18944 28 128 4 gate_up_down 512 2754444
ROW 3584 18944 28 128 4 q_k_v_o_gate_up_down 512 0
ROW 4096 11008 32 128 8 q 512 289406
ROW 4096 11008 32 128 8 k 512 94004
ROW 4096 11008 32 128 8 v 512 88918
ROW 4096 11008 32 128 8 o 512 251300
ROW 4096 11008 32 128 8 gate 512 596034
ROW 4096 11008 32 128 8 up 512 595798
ROW 4096 11008 32 128 8 down 512 619114
ROW 4096 11008 32 128 8 q_k 512 324919
ROW 4096 11008 32 128 8 k_v 512 138474
ROW 4096 11008 32 128 8 v_o 512 307820
ROW 4096 11008 32 128 8 o_gate 512 856649
ROW 4096 11008 32 128 8 gate_up 512 1095515
ROW 4096 11008 32 128 8 up_down 512 1132038
ROW 4096 11008 32 128 8 q_k_v 512 351994
ROW 4096 11008 32 128 8 k_v_o 512 322439
ROW 4096 11008 32 128 8 v_o_gate 512 910557
ROW 4096 11008 32 128 8 o_gate_up 512 1353360
ROW 4096 11008 32 128 8 gate_up_down 512 1656564
ROW 4096 11008 32 128 8 q_k_v_o_gate_up_down 512 2131039
ROW 4096 14336 32 128 8 q 512 289336
ROW 4096 14336 32 128 8 k 512 93962
ROW 4096 14336 32 128 8 v 512 89486
ROW 4096 14336 32 128 8 o 512 266542
ROW 4096 14336 32 128 8 gate 512 758260
ROW 4096 14336 32 128 8 up 512 759526
ROW 4096 14336 32 128 8 down 512 732892
ROW 4096 14336 32 128 8 q_k 512 324855
ROW 4096 14336 32 128 8 k_v 512 137852
ROW 4096 14336 32 128 8 v_o 512 294588
ROW 4096 14336 32 128 8 o_gate 512 967728
ROW 4096 14336 32 128 8 gate_up 512 1414534
ROW 4096 14336 32 128 8 up_down 512 1431444
ROW 4096 14336 32 128 8 q_k_v 512 359404
ROW 4096 14336 32 128 8 k_v_o 512 322409
ROW 4096 14336 32 128 8 v_o_gate 512 1012685
ROW 4096 14336 32 128 8 o_gate_up 512 1630188
ROW 4096 14336 32 128 8 gate_up_down 512 2097606
ROW 4096 14336 32 128 8 q_k_v_o_gate_up_down 512 2535181
ROW 5120 13824 40 128 8 q 512 584482
ROW 5120 13824 40 128 8 k 512 147738
ROW 5120 13824 40 128 8 v 512 116768
ROW 5120 13824 40 128 8 o 512 438036
ROW 5120 13824 40 128 8 gate 512 1035150
ROW 5120 13824 40 128 8 up 512 1033396
ROW 5120 13824 40 128 8 down 512 1266714
ROW 5120 13824 40 128 8 q_k 512 670796
ROW 5120 13824 40 128 8 k_v 512 199210
ROW 5120 13824 40 128 8 v_o 512 522177
ROW 5120 13824 40 128 8 o_gate 512 1468203
ROW 5120 13824 40 128 8 gate_up 512 1884863
ROW 5120 13824 40 128 8 up_down 512 2097566
ROW 5120 13824 40 128 8 q_k_v 512 743265
ROW 5120 13824 40 128 8 k_v_o 512 563016
ROW 5120 13824 40 128 8 v_o_gate 512 1562819
ROW 5120 13824 40 128 8 o_gate_up 512 2305566
ROW 5120 13824 40 128 8 gate_up_down 512 3048520
ROW 5120 13824 40 128 8 q_k_v_o_gate_up_down 512 0
